527
534
536
541
548
559
562
563
564
567
569
570
571
572
583
586
587
589
591
597
598
599
600
603
606
607
608
609
611
614
616
627
628
629
633
634
636
637
639
642
651
657
659
660
661
662
665
675
683
684
685
689
691
693
699
700
712
715
716
717
719
724
725
730
736
737
738
741
744
745
749
754
758
762
766
767
768
772
773
778
783
785
787
790
791
793
796
799
809
820
823
831
833
835
836
838
839
842
847
852
858
859
862
876
877
886
887
888
889
892
895
897
900
901
902
904
906
913
915
917
918
919
927
932
936
940
947
948
950
951
953
956
957
970
976
979
980
986
994
1006
1014
1016
1022
1023
1024
1025
1026
1039
1041
1042
1052
1053
1054
1059
1063
